c=299792458;
kb=1.3064